%% Do the simulation
lx1=0.425;
ly1=0.055;
lx2=0.425;
ly2=0.055;
lx3=0.415;


%Te=[1 0 1 0 0; 0 1 0 1 1; ly1 -lx1 -ly2 -lx2 lx3];
Te=[1 0 1 0 0; 0 1 0 1 1; ly1 -lx1 -ly2 -lx2 lx3]


Ke=diag([1.28 1.05 1.28 1.05 2.14])